Score	Height	Weight	Age	40	Vertical	Broad	Bench	Shuttle	Cone	Salary
7.15	4	328	41	4.93	29	115	21	4.75	4.75	1.826731
10.0	7	330	42	5.16	30.5	112	28	4.83	4.83	4.765158500000001
5.95	4	315	38	5.07	27.5	105	24	4.52	4.52	3.696
11.0	4	330	36	5.28	28.32191780821918	106.68	25.38157894736842	4.704265734265733	5.828486842105262	4.765158500000001
10.33	5	320	35	4.81	34.5	113	23	4.63	4.63	9.671765
4.75	5	314	34	5.2	27.5	98	26	4.75	4.75	4.765158500000001
2.91	8	330	38	0	0	0	0	0	0	4.765158500000001
13.36	5	320	33	4.93	28.32191780821918	106.68	29	4.704265734265733	5.828486842105262	4.765158500000001
4.44	8	325	35	4.96	32	110	21	4.34	4.34	4.765158500000001
12.6	6	335	35	5.26	30.5	105	33	4.97	4.97	4.765158500000001
6.16	6	305	35	5.16	26.5	98	23	4.75	4.75	3.0
6.93	6	325	34	5.18	27.5	103	22	4.95	4.95	4.765158500000001
7.69	3	308	34	5.38	28.5	101	19	4.8	7.79	2.425
6.85	5	310	34	0	0	0	0	0	0	2.425
4.73	7	315	32	5.05	28.5	116	27	4.44	4.44	4.765158500000001
7.27	6	317	33	4.72	34	118	28	4.52	4.52	11.059
8.44	5	304	32	4.71	34.5	112	31	4.72	4.72	3.990588
2.75	4	295	32	0	0	0	0	0	0	3.990588
3.91	9	320	35	0	0	0	0	0	0	3.990588
11.31	5	309	31	0	0	0	0	0	0	3.990588
8.6	7	309	32	0	0	0	0	0	0	3.990588
6.79	6	330	32	0	0	0	0	0	0	3.990588
6.38	5	310	32	0	0	0	0	0	0	3.990588
8.96	3	305	32	0	0	0	0	0	0	3.990588
15.4	5	310	32	0	0	0	0	0	0	3.990588
7.45	8	328	32	0	0	0	0	0	0	3.990588
3.5	6	306	32	0	0	0	0	0	0	3.990588
4.78	5	313	31	5.15	30.5	112	30	4.63	7.48	6.51
5.0	5	310	31	4.98	28.32191780821918	106.68	23	4.704265734265733	5.828486842105262	4.765158500000001
6.5	5	307	30	5.12	31	104	26	4.64	4.64	12.645594
8.62	6	338	30	5.27	32	109	26	4.79	4.79	18.4
8.95	8	328	31	5.46	28.5	96	16	4.87	4.87	5.083294
4.1	5	315	31	5.36	29	97	23	4.58	4.58	4.765158500000001
7.39	6	330	31	5.34	26	97	27	5.15	5.15	4.765158500000001
3.0	5	310	29	5.61	28.32191780821918	106.68	25.38157894736842	4.704265734265733	5.828486842105262	4.765158500000001
1.0	8	380	30	5.21	23.5	97	20	4.78	8.23	4.544117
5.12	4	320	30	5.1	27	108	21	4.63	4.63	4.666666
3.82	6	325	32	0	0	0	0	0	0	4.666666
3.0	5	310	31	0	0	0	0	0	0	4.666666
1.86	6	315	29	5.2	28.5	106.68	25.38157894736842	4.9	4.9	12.20325
5.65	6	308	29	5	30	103	25	4.57	4.57	11.0
8.2	5	313	29	5.23	28.32191780821918	106.68	25.38157894736842	4.704265734265733	5.828486842105262	17.707988
6.92	5	325	29	5.27	32.5	109	24	4.75	4.75	1.0475
8.33	6	301	29	4.94	31.5	115	31	4.44	4.44	4.765158500000001
11.6	6	298	30	5.16	27.5	111	25.38157894736842	4.47	4.47	4.765158500000001
6.94	5	324	31	5.22	30.5	112	22	4.704265734265733	5.828486842105262	4.765158500000001
8.29	5	322	31	0	0	0	0	0	0	4.765158500000001
4.87	6	313	31	0	0	0	0	0	0	4.765158500000001
8.0	5	315	30	0	0	0	0	0	0	4.765158500000001
8.88	5	300	31	0	0	0	0	0	0	4.765158500000001
5.07	6	314	29	5.180121951219511	28.32191780821918	106.68	25	4.704265734265733	5.828486842105262	8.476321
6.03	6	320	28	5.15	26	106	25.38157894736842	4.82	4.82	7.661765
9.45	5	320	29	5.11	26	106	26	4.78	7.3	7.034294
6.22	5	325	29	5.18	30.5	109	23	4.58	4.58	7.97625
3.5	6	330	28	5.44	20.5	97	19	4.78	4.78	4.765158500000001
4.0	7	325	28	5.45	27	106	18	4.69	4.69	4.765158500000001
1.5	7	312	30	5.47	28	111	23	4.72	4.72	4.765158500000001
4.0	6	329	28	0	0	0	0	0	0	4.765158500000001
4.02	7	317	29	0	0	0	0	0	0	4.765158500000001
7.05	8	315	28	5.180121951219511	28.5	105	24	4.704265734265733	5.828486842105262	10.88
9.57	8	325	28	4.95	31.5	121	24	4.49	4.49	6.7
8.45	2	310	28	5.180121951219511	28.32191780821918	106.68	25.38157894736842	4.704265734265733	5.828486842105262	10.413
7.1	6	315	27	5.22	33.5	113	35	4.77	5.828486842105262	11.567
12.13	7	297	28	0	0	0	0	0	0	11.567
3.86	8	320	28	5.4	28.5	113	25.38157894736842	4.68	4.68	4.765158500000001
6.86	6	315	27	5.33	28.32191780821918	106.68	19	4.704265734265733	5.828486842105262	1.0475
8.07	8	345	27	5.85	19.5	82	14	5.38	5.38	4.765158500000001
6.25	5	321	28	4.96	24	102	27	4.44	4.44	4.765158500000001
7.76	6	320	26	5.31	23.5	102	19	4.8	4.8	4.765158500000001
7.0	6	303	27	5.26	31.5	108	25.38157894736842	4.83	4.83	4.765158500000001
5.4	4	293	27	5.5	24	102	25.38157894736842	4.99	4.99	4.765158500000001
8.22	7	332	29	0	0	0	0	0	0	4.765158500000001
7.47	8	344	26	0	0	0	0	0	0	4.765158500000001
1.0	6	305	28	0	0	0	0	0	0	4.765158500000001
2.83	5	320	29	0	0	0	0	0	0	4.765158500000001
6.67	4	305	26	5.12	28	100	23	4.79	4.79	5.609598
8.5	5	315	28	4.96	29	118	24	4.4	4.4	3.936095
6.38	5	322	27	5.05	29.5	103	21	4.87	4.87	3.889948
7.1	6	306	28	5.05	33.5	111	23	4.58	4.58	3.266373
6.83	5	312	26	5.180121951219511	28.32191780821918	106.68	24	4.704265734265733	5.828486842105262	3.721077
0.0	6	307	27	5.12	33.5	114	16	4.7	4.7	1.184269
7.67	3	308	26	5.19	28.32191780821918	106.68	21	4.704265734265733	5.828486842105262	4.765158500000001
3.8	5	310	27	5.180121951219511	28.32191780821918	106.68	32	4.704265734265733	5.828486842105262	1.030545
6.1	5	323	26	0	0	0	0	0	0	1.030545
1.0	7	305	26	5.09	27	115	23	5.02	5.02	4.765158500000001
2.0	7	326	26	5.180121951219511	28.32191780821918	106.68	25.38157894736842	4.704265734265733	5.828486842105262	4.765158500000001
4.5	5	300	27	0	0	0	0	0	0	4.765158500000001
7.33	7	314	27	0	0	0	0	0	0	4.765158500000001
3.83	7	299	28	0	0	0	0	0	0	4.765158500000001
10.92	5	326	24	5.22	21	109	21	4.66
	7.58	8.821524
3.23	5	320	24	5.05	28.32191780821918	113	25.38157894736842	4.84
	5.828486842105262	5.373522
10.5	7	355	24	5.1	28.32191780821918	106.68	23	4.704265734265733	5.828486842105262	4.765158500000001
18.67	5	322	24	4.85	24	121	24	4.68
	7.65	4.425825
4.44	6	310	24	5.07	31	115	27	4.704265734265733	7.95	3.720095
5.74	7	328	26	5.180121951219511	28.32191780821918	106.68	25.38157894736842	4.704265734265733	5.828486842105262	4.765158500000001
8.09	7	303	26	5.06	30	113	26	4.92	8.01	4.765158500000001
5.5	4	295	24	5.05	28.32191780821918	106.68	25.38157894736842	4.704265734265733	5.828486842105262	4.765158500000001
12.4	6	305	25	0	0	0	0	0	0	4.765158500000001
5.12	8	315	27	5.16	28	112	21	4.86	8.02	4.765158500000001
7.08	5	296	26	5.02	29.5	114	23	4.704265734265733	5.828486842105262	4.765158500000001
4.27	5	290	28	5.26	33	105	27	4.88	8.41	4.765158500000001
5.5	5	318	27	5.57	23	97	23	4.98
	8.07	4.765158500000001
7.0	6	310	26	5.03	27	106	27	5.08
	5.828486842105262	4.765158500000001
6.17	6	325	26	5.13	30	109	30	4.68
	7.76	5.477061
7.96	3	305	26	4.91	33	112	33	4.45
	7.48	4.765158500000001
3.64	5	305	26	4.96	28.32191780821918	118	25.38157894736842	
	5.828486842105262	1.314162
6.0	5	314	26	0	0	0	0	0	0	1.314162
4.4	6	308	26	5.180121951219511	33	105	33	4.58
	7.53	4.765158500000001
6.76	5	295	26	4.87	36	117	36	4.39
	7.35	1.505811
2.5	6	299	26	5.16	32	112	24	4.57	4.57	1.437926
2.9	6	297	26	5.180121951219511	30	124	30	
	5.828486842105262	4.765158500000001
4.47	9	321	26	0	0	0	0	0	0	4.765158500000001
0.0	5	295	26	5.2	32	104	32	4.63
	7.58	1.092357
4.5	5	310	26	5.27	22	98	22	4.79
	8.05	4.765158500000001
4.06	5	315	26	0	0	0	0	0	0	4.765158500000001
5.76	5	305	26	5.14	23	104	23	4.75
	7.91	0.949836
5.0	6	332	26	5.12	28.32191780821918	106.68	25.38157894736842	
	5.828486842105262	0.90827
4.8	5	315	26	5.25	30	106	27	4.67	4.67	0.905758
0.0	8	315	26	0	0	0	0	0	0	0.905758
0.0	7	305	26	5	30.5	108	34	4.89	4.89	4.765158500000001
1.0	6	315	26	5.2	28.32191780821918	103	25.38157894736842	
	7.7	0.831666
2.14	6	330	26	5.45	15	102	15	4.84
	8.07	4.765158500000001
6.25	5	325	35	5.21	29.5	113	27	4.67	4.67	4.22
11.25	4	315	33	5.32	29	101	32	4.61	7.77	8.975
5.25	5	335	34	0	0	0	0	0	0	8.975
0.0	3	300	33	5.39	25	101	21	4.58	7.77	4.765158500000001
6.14	3	305	33	0	0	0	0	0	0	4.765158500000001
8.57	5	311	33	5.12	28.5	103	25.38157894736842	4.63	4.63	4.765158500000001
1.5	4	320	32	5.22	28.32191780821918	106.68	9	4.704265734265733	5.828486842105262	4.765158500000001
7.75	5	315	32	5.41	23.5	100	17	4.84	4.84	0.795556
5.77	5	310	33	5.08	29.5	112	25	4.45	4.45	1.75
9.82	4	315	33	0	0	0	0	0	0	1.75
3.5	4	310	32	0	0	0	0	0	0	1.75
11.67	4	320	32	0	0	0	0	0	0	1.75
9.89	3	336	32	0	0	0	0	0	0	1.75
9.25	3	315	30	0	0	0	0	0	0	1.75
7.4	6	315	31	0	0	0	0	0	0	1.75
7.29	6	301	33	0	0	0	0	0	0	1.75
10.2	3	310	32	0	0	0	0	0	0	1.75
13.0	6	325	32	0	0	0	0	0	0	1.75
6.89	6	330	31	0	0	0	0	0	0	1.75
6.57	5	315	32	5.05	28.32191780821918	106.68	23	4.704265734265733	5.828486842105262	8.647059
11.64	6	329	29	5.31	28.32191780821918	106.68	37	4.704265734265733	5.828486842105262	4.765158500000001
3.76	7	316	30	5.18	31	105	25.38157894736842	4.62	4.62	7.666
7.31	3	312	31	5.33	31.5	103	25	4.87	8.17	5.38
13.23	4	307	30	4.98	30.5	108	30	4.47	7.33	4.765158500000001
5.55	3	325	32	5.47	28.32191780821918	106.68	26	4.704265734265733	5.828486842105262	2.867648
4.76	3	315	30	5.33	27	104	29	4.75	8.2	4.765158500000001
4.54	4	323	31	5.33	26.5	97	25.38157894736842	4.74	5.828486842105262	2.897059
9.73	1	310	30	0	0	0	0	0	0	2.897059
5.45	4	310	31	5.2	29.5	113	31	4.58	7.56	3.332352
2.33	5	340	32	0	0	0	0	0	0	3.332352
4.93	4	320	31	0	0	0	0	0	0	3.332352
7.12	4	330	32	0	0	0	0	0	0	3.332352
8.2	3	309	31	5.02	25.5	110	16	4.58	4.58	12.3
12.77	5	308	31	4.95	28.5	110	28	4.54	4.54	8.15125
10.75	4	303	30	5.19	26	105	25.38157894736842	4.52	7.4	3.976
5.62	6	310	31	5.13	25	106	23	4.63	7.63	6.1
5.44	6	320	30	5.26	29	113	23	5	5	4.765158500000001
5.0	5	314	30	0	0	0	0	0	0	4.765158500000001
7.12	3	313	30	0	0	0	0	0	0	4.765158500000001
6.67	4	284	28	5.15	30.5	105	26	4.81	8.16	4.765158500000001
19.0	4	335	29	5.22	28.32191780821918	106.68	34	4.704265734265733	5.828486842105262	1.2386
7.08	5	320	29	5.24	26	96	23	4.84	7.71	4.765158500000001
4.05	5	260	29	5.180121951219511	28	106	17	4.84	4.84	2.433
1.5	4	339	29	0	0	0	0	0	0	2.433
6.25	5	330	27	5.180121951219511	26.5	105	35	4.62	7.65	10.2
6.56	4	305	28	5.15	28	106	19	4.5	7.87	3.188
6.45	2	327	28	5.15	24	104	37	4.7	7.59	4.765158500000001
6.73	3	305	26	5.180121951219511	30.5	108	21	4.4	7.29	4.166666
7.18	5	298	26	5.05	34	112	26	4.63	4.63	5.66
9.28	6	305	28	5.39	26.5	97	24	4.84	4.84	6.75
5.79	4	315	29	5.24	29	114	30	4.84	7.45	4.4263
0.0	3	320	26	0	0	0	0	0	0	4.4263
2.0	5	285	28	5.24	26.5	110	25.38157894736842	4.59	7.62	4.765158500000001
16.5	6	318	29	0	0	0	0	0	0	4.765158500000001
1.0	3	312	29	0	0	0	0	0	0	4.765158500000001
7.93	4	307	26	4.91	30.5	117	25	4.54	7.61	4.680059
4.0	3	329	27	5.21	28.5	104	19	4.87	4.87	1.468747
5.33	5	312	28	5.3	28.5	110	23	4.52	4.52	3.593597
5.62	5	310	28	5.180121951219511	28	109	29	4.62	7.77	4.724203
5.41	6	325	27	5.180121951219511	28	108	27	4.69	4.69	2.54
4.73	3	316	27	5.23	26	107	23	4.83	7.94	3.02367
5.75	5	308	26	5.180121951219511	28.32191780821918	112	28	4.57	7.66	10.333334
1.0	4	312	26	5.2	28.32191780821918	106.68	22	4.704265734265733	5.828486842105262	1.170545
11.0	4	310	27	5.180121951219511	28.32191780821918	106.68	21	4.704265734265733	5.828486842105262	2.714383
5.75	3	316	27	0	0	0	0	0	0	2.714383
5.0	6	315	25	5.27	32.5	116	19	4.71	4.71	4.765158500000001
5.63	6	308	26	5.28	25.5	99	25.38157894736842	4.77	4.77	4.765158500000001
5.21	6	324	27	5.23	26.5	103	20	4.92	4.92	0.965
5.0	5	314	28	5.180121951219511	28.32191780821918	106.68	25.38157894736842	4.704265734265733	5.828486842105262	4.765158500000001
8.47	4	308	26	0	0	0	0	0	0	4.765158500000001
3.91	5	310	27	0	0	0	0	0	0	4.765158500000001
4.62	4	334	25	5.41	24	90	29	5.04	8.15	2.433
9.1	3	319	24	5.08	28	113	28	4.64
	7.91	3.457965
7.06	5	322	27	5.180121951219511	28.32191780821918	106.68	25.38157894736842	4.704265734265733	5.828486842105262	2.199747
5.15	6	310	25	4.93	30	111	30	4.46	7.26	1.510148
6.36	3	332	26	5.24	30	108	27	4.704265734265733	5.828486842105262	1.336947
6.05	7	310	26	0	0	0	0	0	0	1.336947
5.23	4	305	26	5.23	26	98	28	5.02	7.83	1.308209
6.0	5	345	26	5.37	25	93	22	5.11	8.17	4.765158500000001
5.79	4	330	26	5.24	34	107	34	4.87
	8.03	1.094195
5.0	4	335	26	5.180121951219511	28.32191780821918	106.68	25.38157894736842	4.704265734265733	5.828486842105262	4.765158500000001
9.64	4	321	27	0	0	0	0	0	0	4.765158500000001
4.91	4	325	25	5.180121951219511	28.32191780821918	106.68	25.38157894736842	4.704265734265733	5.828486842105262	4.765158500000001
0.0	4	300	27	4.91	29.5	110	24	4.62	7.76	0.982175
5.0	4	317	26	5.11	25.5	107	25.38157894736842	4.9	8.13	4.765158500000001
2.92	3	307	24	5.180121951219511	28.32191780821918	106.68	44	4.704265734265733	5.828486842105262	4.765158500000001
10.18	3	350	26	0	0	0	0	0	0	4.765158500000001
7.08	5	321	26	5.08	24	107	24	4.69
	7.57	4.765158500000001
1.67	5	315	26	0	0	0	0	0	0	4.765158500000001
5.6	7	330	25	5.52	25	106.68	21	4.704265734265733	5.828486842105262	4.765158500000001
7.06	4	310	26	5.05	36	106	36	4.7
	7.67	4.765158500000001
4.32	6	325	26	0	0	0	0	0	0	4.765158500000001
5.0	5	345	26	5.180121951219511	28.32191780821918	106.68	25.38157894736842	4.704265734265733	5.828486842105262	4.765158500000001
3.71	5	320	26	0	0	0	0	0	0	4.765158500000001
7.67	7	344	26	5.05	30	102	30	4.88
	5.828486842105262	4.765158500000001
7.0	3	320	26	4.99	28.32191780821918	111	25.38157894736842	4.58
	7.54	4.765158500000001
5.97	6	325	26	0	0	0	0	0	0	4.765158500000001
2.0	5	330	26	5.36	28.32191780821918	106.68	25.38157894736842	
	5.828486842105262	4.765158500000001
0.5	5	319	26	5.180121951219511	28.32191780821918	106.68	25.38157894736842	
	5.828486842105262	4.765158500000001
26.75	4	311	38	5.17	28.32191780821918	106.68	25.38157894736842	4.704265734265733	5.828486842105262	4.765158500000001
33.5	2	315	34	5.27	25.5	95	27	4.96	8.03	12.61
19.43	3	295	36	4.89	30.5	110	25.38157894736842	4.14	7.22	8.045
9.0	3	308	34	5.35	30.5	105	29	4.74	7.95	3.413333
11.09	4	307	32	5.09	29.5	109	29	4.69	7.48	4.765158500000001
10.31	4	319	32	0	0	0	0	0	0	4.765158500000001
9.0	2	300	34	0	0	0	0	0	0	4.765158500000001
14.4	6	315	32	0	0	0	0	0	0	4.765158500000001
17.86	3	301	32	0	0	0	0	0	0	4.765158500000001
7.37	3	300	34	0	0	0	0	0	0	4.765158500000001
8.69	3	316	31	0	0	0	0	0	0	4.765158500000001
7.2	3	317	31	0	0	0	0	0	0	4.765158500000001
16.0	4	325	32	0	0	0	0	0	0	4.765158500000001
17.12	6	305	31	5.14	31	112	36	4.5	7.6	8.0
16.33	4	309	32	5.24	28.32191780821918	106.68	25.38157894736842	4.704265734265733	5.828486842105262	4.765158500000001
7.6	3	300	32	0	0	0	0	0	0	4.765158500000001
3.0	4	318	32	5.25	24	99	20	4.76	5.828486842105262	4.765158500000001
15.22	3	300	31	0	0	0	0	0	0	4.765158500000001
11.6	4	310	31	5.08	28.32191780821918	106.68	25.38157894736842	4.704265734265733	5.828486842105262	4.765158500000001
12.6	4	309	30	5.03	30	103	26	4.59	7.58	9.75
10.69	4	306	30	5.180121951219511	28.32191780821918	112	28	4.57	7.66	10.333334
9.38	4	305	30	0	0	0	0	0	0	10.333334
6.29	3	313	30	5.39	24	103	27	4.76	7.89	4.765158500000001
0.0	4	299	31	5.01	28	108	25	4.27	7.31	4.765158500000001
4.75	6	320	28	5.15	27	107	26	4.81	7.89	4.765158500000001
2.25	3	303	29	5.32	23.5	99	22	4.71	7.94	4.765158500000001
11.75	4	312	30	5.54	26.5	97	19	4.47	7.6	4.765158500000001
2.0	4	307	29	5.16	26.5	106	26	4.73	7.55	4.765158500000001
12.83	5	311	27	5.180121951219511	28.32191780821918	106.68	26	4.704265734265733	5.828486842105262	7.551529
7.38	4	312	29	5.180121951219511	28.32191780821918	106.68	25.38157894736842	4.704265734265733	5.828486842105262	4.765158500000001
0.0	5	292	27	5.23	23.5	104	23	4.78	7.77	2.556666
8.0	2	302	28	5.34	26.5	99	27	4.71	7.81	1.8
13.4	5	317	29	0	0	0	0	0	0	1.8
2.0	5	311	28	5.39	29	97	25	4.92	8.04	0.995
8.0	2	295	29	0	0	0	0	0	0	0.995
3.8	5	307	28	5.46	24	94	20	4.68	4.68	3.004167
30.0	2	302	27	0	0	0	0	0	0	3.004167
6.47	3	305	28	4.92	31	104	34	4.53	7.41	4.099095
18.5	4	315	26	4.89	31	107	29	4.62	8.28	3.222378
8.17	6	310	27	5.23	28	105	21	4.81	7.88	2.786312
8.5	2	311	27	0	0	0	0	0	0	2.786312
9.38	4	300	26	5.32	29	105	21	4.84	4.84	1.58
1.0	4	300	26	5.09	27	102	28	4.53	7.45	2.375
7.68	4	290	26	5.18	30	110	23	4.6	7.45	1.293971
10.94	4	315	26	5.27	28.32191780821918	106.68	25	4.704265734265733	5.828486842105262	1.269816
8.06	3	320	26	5.180121951219511	28.32191780821918	106.68	25.38157894736842	4.704265734265733	5.828486842105262	1.0186
2.0	3	310	25	5.34	32	108	25.38157894736842	4.65	8.14	4.765158500000001
15.0	4	315	25	0	0	0	0	0	0	4.765158500000001
2.75	3	270	26	0	0	0	0	0	0	4.765158500000001
10.0	5	312	26	5.180121951219511	28.32191780821918	106.68	29	4.704265734265733	5.828486842105262	1.268213
15.75	5	316	26	5.11	29	112	29	4.49
	7.5	1.26482
7.2	3	310	26	4.89	25	119	25	4.67
	7.79	1.108129
1.0	3	300	26	5.11	33	109	33	4.52	7.33	4.765158500000001
5.0	3	330	26	5.5	28.32191780821918	106.68	25.38157894736842	
	5.828486842105262	4.765158500000001
2.0	5	300	26	0	0	0	0	0	0	4.765158500000001
